237
13
1
0.16 0.79 0.78 0.59 0.58 0.69 0.67 0.53 0.62 0.61 0.18 0.18 0.31 1
0.4 0.87 0.77 0.57 0.8 0.4 0.56 0.55 0.28 0.5 0.64 0.22 0.38 2
0.14 0.85 0.65 0.58 0.87 0.63 0.68 0.61 0.25 0.63 0.36 0.14 0.47 1
0.16 0.27 0.27 0.43 0.2 0.64 0.52 0.89 0.34 0.73 0.96 0.27 0.71 1
0.16 0.78 0.68 0.52 0.86 0.44 0.85 0.69 0.6 0.84 0.75 0.43 0.75 1
0.18 0.72 0.86 0.58 0.9 0.3 0.7 0.97 0.73 0.71 0.39 0.56 0.4 1
0.18 0.79 0.69 0.82 0.78 0.64 0.42 0.63 0.58 0.53 0.22 0.53 0.58 1
0.21 0.85 0.67 0.75 0.91 0.72 0.62 0.61 0.44 0.84 0.29 0.16 0.82 1
0.23 0.75 0.76 0.65 0.8 0.57 0.81 0.67 0.48 0.46 0.22 0.15 0.66 1
0.59 0.9 0.9 0.35 0.61 0.55 0.45 0.66 0.48 0.56 0.33 0.14 0.27 2
0.19 0.96 0.72 0.45 0.56 0.44 0.47 0.81 0.35 0.64 0.72 0.1 0.47 1
0.24 0.78 0.72 0.42 0.83 0.64 0.47 0.51 0.54 0.79 0.38 0.19 0.66 2
0.17 0.74 0.81 0.27 0.69 0.48 0.79 0.78 0.83 0.78 0.51 0.53 0.43 1
0.73 0.82 0.76 0.23 0.6 0.31 0.7 0.33 0.15 0.27 0.36 0.14 0.55 2
0.16 0.78 0.72 0.43 0.71 0.66 0.72 0.84 0.6 0.88 0.6 0.2 0.54 1
0.2 0.78 0.72 0.56 0.91 0.68 0.89 0.8 0.55 0.85 0.89 0.7 0.48 1
0.35 0.91 0.73 0.47 0.78 0.59 0.38 0.69 0.24 0.68 0.23 0.42 0.41 2
0.1 0.93 0.67 0.46 0.5 0.72 0.5 0.44 0.47 0.53 0.16 0.08 0.45 1
0.16 0.86 0.87 0.45 0.83 0.55 0.58 0.76 0.24 0.64 0.33 0.29 0.44 1
0.46 0.83 0.79 0.47 0.75 0.57 0.43 0.71 0.24 0.76 0.19 0.44 0.2 2
0.49 0.79 0.92 0.53 0.53 0.42 0.53 0.48 0.21 0.69 0.37 0.52 0.53 2
0.11 0.71 0.72 0.52 0.71 0.78 0.74 0.78 0.43 0.91 0.76 0.28 0.52 1
0.76 0.89 0.9 0.6 0.62 0.65 0.8 0.74 0.53 0.65 0.25 0.18 0.52 2
0.13 0.55 0.79 0.77 0.91 0.6 0.74 0.91 0.74 0.98 0.4 0.5 0.7 1
0.44 0.94 0.77 0.35 0.74 0.24 0.42 0.4 0.44 0.4 0.4 0.18 0.43 2
0.16 0.81 0.76 0.49 0.89 0.77 0.81 0.64 0.64 0.84 0.33 0.62 0.71 1
0.15 0.83 0.82 0.46 0.89 0.48 0.82 0.6 0.6 0.86 0.63 0.16 0.57 1
0.06 0.7 0.73 0.62 0.63 0.76 0.61 0.85 0.49 0.9 0.32 0.17 0.55 1
0.09 0.85 0.66 0.55 0.59 0.46 0.82 0.81 0.46 0.57 0.9 0.18 0.49 1
0.11 0.88 0.69 0.46 0.64 0.53 0.61 0.82 0.58 0.62 0.56 0.56 0.52 1
0.15 0.76 0.83 0.72 0.65 0.61 0.49 0.67 0.7 0.69 0.21 0.73 0.46 1
0.13 0.86 0.76 0.41 0.62 0.72 0.75 0.75 0.27 0.85 0.17 0.17 0.66 1
0.14 0.88 0.65 0.48 0.65 0.54 0.76 0.71 0.3 0.6 0.49 0.51 0.61 1
0.2 0.84 0.78 0.25 0.63 0.49 0.68 0.58 0.22 0.52 0.35 0.21 0.55 1
0.15 0.89 0.71 0.14 0.52 0.42 0.41 0.6 0.55 0.63 0.24 0.34 0.47 1
0.15 0.81 0.74 0.3 0.93 0.48 0.79 0.93 0.63 0.83 0.38 0.59 0.66 1
0.31 0.68 0.81 0.64 0.9 0.81 0.87 0.8 0.97 1 0.91 0.75 0.51 1
1 0.75 0.88 0.54 0.87 0.65 0.96 0.81 0.36 0.69 0.52 0.5 0.59 2
0.1 0.85 0.72 0.76 0.68 0.48 0.5 0.44 0.79 0.82 0.28 0.52 0.7 1
0.22 0.71 0.4 0.58 0.8 0.79 0.22 0.35 0.34 0.12 0.33 0.2 0.74 1
0.09 0.85 0.78 0.56 0.72 0.46 0.79 0.86 0.84 0.94 0.44 0.58 0.65 1
0.33 0.82 0.88 0.41 0.62 0.72 0.88 0.7 0.44 0.74 0.45 0.14 0.36 2
0.26 0.84 0.75 0.43 0.7 0.53 0.68 0.68 0.59 0.81 0.46 0.19 0.64 1
0.31 0.93 0.72 0.28 0.55 0.6 0.67 0.62 0.15 0.54 0.53 0.06 0.34 2
0.16 0.86 0.78 0.48 0.69 0.41 0.74 0.88 0.17 0.52 0.82 0.16 0.49 1
0.12 0.74 0.81 0.61 0.62 0.76 0.75 0.67 0.64 0.81 0.45 0.11 0.75 1
0.53 0.86 0.6 0.48 0.51 0.6 0.18 0.43 0.54 0.48 0.12 0.54 0.67 2
0.16 0.79 0.72 0.45 0.82 0.32 0.73 0.69 0.28 0.68 0.74 0.33 0.56 1
0.56 0.92 0.63 0.5 0.48 0.67 0.79 0.52 0.34 0.61 0.3 0.6 0.6 2
0.05 0.84 0.73 0.51 0.67 0.53 0.56 0.83 0.7 0.74 0.45 0.58 0.62 1
0.18 0.83 0.72 0.73 0.64 0.77 0.57 0.69 0.62 0.82 0.46 0.67 0.62 1
0.48 0.92 0.77 0.39 0.56 0.27 0.53 0.42 0.05 0.3 0.37 0.11 0.21 2
0.11 0.78 0.78 0.38 0.78 0.54 0.51 0.93 0.16 0.64 0.65 0.17 0.55 1
0.2 0.83 0.66 0.46 0.66 0.42 0.45 0.74 0.29 0.83 0.61 0.34 0.44 1
0.1 0.74 0.69 0.68 0.6 0.55 0.62 0.58 0.44 0.66 0.25 0.41 0.55 1
0.16 0.88 0.72 0.67 0.6 0.51 0.53 0.72 0.65 0.77 0.29 0.57 0.68 1
0.19 0.85 0.82 0.55 0.92 0.4 0.64 0.82 0.69 0.52 0.37 0.39 0.49 1
0.13 0.96 0.77 0.44 0.79 0.31 0.52 0.74 0.16 0.74 0.84 0.2 0.49 1
0.2 0.77 0.74 0.46 0.49 0.59 0.7 0.4 0.45 0.88 0.39 0.5 0.63 1
0.16 0.81 0.71 0.81 0.75 0.65 0.65 0.8 0.32 0.74 0.31 0.41 0.45 1
0.03 0.8 0.72 0.46 0.84 0.42 0.77 0.66 0.29 0.71 0.5 0.42 0.43 1
0.71 0.9 0.75 0.34 0.6 0.25 0.57 0.26 0.17 0.33 0.28 0.31 0.51 2
0.14 0.84 0.75 0.5 0.67 0.35 0.7 0.81 0.59 0.72 0.75 0.62 0.46 1
0.1 0.83 0.7 0.51 0.96 0.44 0.83 0.94 0.24 0.61 0.77 0.12 0.59 1
0.13 0.88 0.8 0.48 0.63 0.35 0.64 0.69 0.4 0.74 0.58 0.5 0.51 1
0.19 0.85 0.66 0.58 0.87 0.35 0.49 0.59 0.55 0.67 0.26 0.51 0.46 1
0.16 0.78 0.69 0.55 0.78 0.57 0.71 0.51 0.58 0.68 0.26 0.55 0.51 1
0.16 0.41 0.83 0.83 0.66 0.48 0.85 0.73 0.89 0.98 0.34 0.79 0.88 1
0.18 0.84 0.78 0.58 0.63 0.43 0.58 0.39 0.36 0.79 0.33 0.35 0.44 1
0.19 0.84 0.72 0.4 0.73 0.69 0.87 0.63 0.75 0.81 0.33 0.83 0.65 1
0.41 0.84 0.24 0.37 0.48 0.74 0.2 0.42 0.14 0 0.25 0.41 0.36 2
0.2 0.84 0.7 0.85 0.84 0.59 0.74 0.67 0.42 0.79 0.33 0.15 0.61 1
0.52 0.72 0.79 0.48 0.67 0.42 0.8 0.72 0.54 0.53 0.72 0.38 0.57 2
0.13 0.85 0.74 0.42 0.73 0.82 0.71 0.95 0.38 0.71 0.67 0.19 0.6 1
0.1 0.88 0.71 0.56 0.86 0.73 0.66 0.51 0.68 0.82 0.2 0.18 0.58 1
0.16 0.79 0.9 0.68 0.66 0.62 0.66 0.73 0.51 0.94 0.45 0.4 0.47 1
0.19 0.69 0.59 0.41 0.84 0.5 0.48 0.72 0.3 0.72 0.43 0.21 0.59 1
0.15 0.85 0.71 0.49 0.62 0.43 0.45 0.75 0.33 0.6 0.37 0.24 0.45 1
0.13 0.74 0.79 0.41 0.83 0.67 0.8 0.3 0.93 0.74 0.4 0.66 0.72 1
0.15 0.41 0.81 0.55 0.94 0.57 0.82 0.86 0.93 0.83 0.46 0.67 0.84 1
0.06 0.84 0.65 0.28 0.8 0.63 0.71 0.44 0.36 0.59 0.2 0.18 0.53 1
0.16 0.82 0.66 0.6 0.82 0.6 0.67 0.67 0.55 0.68 0.33 0.02 0.68 1
0.19 0.62 0.84 0.56 0.94 0.65 0.75 0.81 0.93 0.86 0.39 0.28 0.64 1
0.15 0.7 0.72 0.68 0.9 0.9 0.73 0.37 0.47 0.62 0.23 0.15 0.58 1
0.33 0.89 0.94 0.35 0.84 0.52 0.6 0.91 0.68 0.82 0.77 0.41 0.42 2
0.11 0.82 0.76 0.45 0.67 0.55 0.76 0.79 0.57 0.79 0.32 0.64 0.36 1
0.17 0.75 0.79 0.6 0.68 0.59 0.81 0.77 0.87 0.87 0.86 0.55 0.64 1
0.81 0.91 0.9 0.31 0.6 0.49 0.28 0.17 0 0.5 0.33 0.5 0.61 2
0.09 0.83 0.64 0.68 0.76 0.66 0.71 0.65 0.48 0.57 0.27 0.03 0.53 1
0.07 0.8 0.78 0.52 0.58 0.75 0.52 0.36 0.6 0.69 0.33 0.64 0.61 1
0.12 0.82 0.85 0.79 0.88 0.58 1 0.81 0.61 0.82 0.49 0.19 0.65 1
0.18 0.83 0.36 0.24 0.82 0.47 0.29 0.72 0.24 0.39 0.81 0.14 0.44 1
0.19 0.87 0.83 0.37 0.88 0.67 0.63 0.61 0.58 0.72 0.44 0.46 0.49 1
0.19 0.81 0.69 0.73 0.76 0.57 0.58 0.54 0.64 0.73 0.05 0.18 0.62 1
0.16 0.67 0.79 0.51 0.82 0.34 0.96 0.86 0.6 0.69 0.36 0.46 0.63 1
0.11 0.8 0.71 0.56 0.83 0.49 0.51 0.57 0.47 0.77 0.34 0.39 0.53 1
0.18 0.81 0.78 0.48 0.78 0.62 0.65 0.18 0.54 0.64 0.38 0.61 0.56 1
0.09 0.82 0.72 0.62 0.75 0.58 0.49 0.64 0.05 0.55 0.32 0.14 0.41 1
0.16 0.8 0.75 0.56 0.91 0.53 0.74 0.8 0.64 0.96 0.48 0.46 0.4 1
0.18 0.78 0.8 0.73 0.68 0.59 0.74 0.71 0.62 0.9 0.38 0.16 0.45 1
0.09 0.82 0.67 0.71 0.84 0.59 0.55 0.63 0.46 0.47 0.37 0.49 0.59 1
0.06 0.82 0.55 0.86 0.84 0.69 0.58 0.8 0.62 0.55 0.21 0.23 0.59 1
0.59 0.03 0.1 0.68 0.38 0.31 0.3 0.92 0.6 0.61 0.51 0.41 0.91 2
0.63 0.95 0.66 0 0.56 0.4 0.41 0 0.1 0.28 0.19 0.08 0.55 2
0.15 0.8 0.68 0.61 0.91 0.43 0.46 0.64 0.49 0.48 0.51 0.15 0.5 1
0.47 0.88 0.59 0.49 0.64 0.5 0.2 0.33 0.16 0.35 0.11 0.07 0.12 2
0.14 0.92 0.73 0.38 0.86 0.46 0.68 0.51 0.51 0.6 0.83 0.25 0.41 1
0.09 0.85 0.75 0.56 0.86 0.32 0.47 0.63 0.55 0.62 0.16 0.16 0.56 1
0.31 0.9 0.82 0.46 0.63 0.36 0.72 0.59 0.26 0.53 0.35 0.19 0.42 2
0.17 0.88 0.78 0.56 0.86 0.33 0.79 0.65 0.41 0.8 0.36 0.55 0.6 1
0.63 0.84 1 0.55 0.53 1 0.08 0.54 0.56 0.55 0.35 0.27 0.47 2
0.19 0.87 0.74 0.19 0.66 0.76 0.67 0.46 0.63 0.69 0.21 0.6 0.44 1
0.16 0.59 0.82 0.76 0.89 0.81 0.76 0.73 0.87 0.78 0.49 0.69 0.72 1
0.08 0.91 0.71 0.34 0.82 0.47 0.68 0.65 0.5 0.78 0.42 0.33 0.59 1
0.18 0.85 0.74 0.35 0.81 0.33 0.5 0.54 0.48 0.72 0.27 0.36 0.38 1
0.15 0.78 0.7 0.72 0.51 0.58 0.64 0.49 0.17 0.34 0.18 0.32 0.62 1
0.54 0.75 0.68 0.33 0.8 0.61 0.55 0.44 0.33 0.68 0.3 0.38 0.52 2
0.47 0.83 0.8 0.39 0.61 0.31 0.65 0.71 0.4 0.64 0.76 0.25 0.35 2
0.12 0.65 0.76 0.67 0.66 0.86 0.92 0.73 0.74 0.84 0.32 0.12 0.96 1
0.12 0.74 0.86 0.43 0.74 0.47 0.77 0.76 0.2 0.34 0.27 0.4 0.54 1
0.2 0.77 0.75 0.6 0.88 0.63 0.68 0.41 0.4 0.78 0.3 0.65 0.65 1
0.17 0.84 0.82 0.49 0.71 0.4 0.9 0.65 0.2 0.85 0.79 0.51 0.53 1
0.2 0.7 0.68 0.56 0.88 0.63 0.73 0.79 0.64 0.85 0.41 0.47 0.52 1
0.06 0.7 0.76 0.47 0.79 0.83 0.88 0.39 0.53 0.83 0.37 0.92 0.63 1
0.66 0.92 0.89 0.67 0.87 0.54 0.69 0.73 0.32 0.48 0.45 0.37 0.45 2
0.63 0.91 0.83 0.3 0.84 0.41 0.48 0.18 0.41 0.38 0.36 0.12 0.34 2
0.69 0.87 0.85 0.54 0.66 0.49 0.71 0.36 0.39 0.58 0.3 0.45 0.42 2
0.14 0.76 0.69 0.87 0.79 0.62 0.48 0.69 0.44 0.77 0.3 0.14 0.42 1
0.76 0.82 0.87 0.39 0.68 0.38 0.69 0.71 0.71 0.6 0.41 0.48 0.6 2
0.11 0.91 0.73 0.51 0.9 0.53 0.75 0.76 0.52 0.72 0.75 0.19 0.48 1
0.19 0.89 0.48 0.08 0.78 0.37 0.22 0.53 0.15 0.43 0.26 0.15 0.45 2
0.37 0.89 0.6 0.27 0.48 0.68 0.42 0.13 0.22 0.29 0.17 0.47 0.54 2
0.72 0.93 0.84 0.38 0.46 0.41 0.56 0.43 0.35 0.54 0.16 0.3 0.47 2
0.13 0.71 0.84 0.44 0.73 0.45 0.75 0.77 0.2 0.41 0.32 0.2 0.51 1
0.19 0.73 0.76 0.48 0.92 0.44 0.87 0.8 0.55 0.63 0.79 0.45 0.54 1
0.97 0.77 0.79 0.23 0.78 0.64 0.73 0.28 0.5 0.84 0.52 0.2 0.65 2
0.22 0 0 0.58 0 0.39 0.56 0.9 0.28 0.76 0.82 1 0.46 1
0.16 0.81 0.72 0.41 0.84 0.39 0.64 0.73 0.33 0.61 0.32 0.11 0.36 1
0.11 0.9 0.73 0.53 0.74 0.43 0.72 0.6 0.59 0.64 0.45 0.12 0.54 1
0.14 0.81 0.76 0.61 0.67 0.5 0.8 0.62 0.52 0.57 0.46 0.29 0.79 1
0.14 0.7 0.85 0.52 0.77 0.42 0.88 0.89 0.75 0.81 0.9 0.22 0.47 1
0.1 0.8 0.77 0.5 0.88 0.6 0.8 0.66 0.49 0.9 0.39 0.47 0.7 1
0.84 1 0.75 0.13 0.29 0.57 0.31 0.02 0.25 0.35 0 0.1 0.47 2
0.07 0.88 0.68 0.27 0.51 0.67 0.49 0.62 0.11 0.4 0.27 0.36 0.36 1
0.62 0.86 0.62 0.19 0.45 0 0.16 0.2 0.5 0.56 0.21 0.47 0.63 2
0.7 0.95 0.88 0.38 0.63 0.51 0.65 0.21 0.2 0.36 0.35 0.38 0.52 2
0.2 0.7 0.65 0.42 0.78 0.9 0.87 0.29 0.41 0.65 0.14 0.69 0.67 1
0.48 0.9 0.75 0.23 0.78 0.59 0.73 0.73 0.13 0.6 0.26 0.18 0.35 2
0.08 0.73 0.69 0.68 0.93 0.64 0.74 0.81 0.47 0.65 0.39 0.64 0.38 1
0.2 0.82 0.72 0.41 1 0.54 0.72 0.59 0.58 0.78 0.39 0.62 0.65 1
0.6 0.93 0.74 0.18 0.71 0.63 0.33 0.3 0.3 0.59 0.39 0.1 0.3 2
0.12 0.82 0.72 0.49 0.91 0.45 0.75 0.92 0.67 0.78 0.98 0.1 0.58 1
0.5 0.81 0.36 0.4 0.64 0.6 0 0.38 0.05 0.24 0.32 0.51 0.49 2
0.67 0.94 0.86 0.24 0.35 0.67 0.46 0.31 0.4 0.53 0.3 0.53 0.26 2
0.12 0.89 0.81 0.34 0.83 0.87 0.77 0.65 0.54 0.81 0.36 0.48 0.68 1
0.21 0.62 0.78 0.51 0.53 0.8 0.62 0.32 0.69 0.52 0.31 0.4 0.9 1
0.58 0.98 0.74 0.16 0.58 0.4 0.39 0.18 0.13 0.22 0.33 0.44 0.43 2
0.27 0.81 0.65 0.4 0.66 0.54 0.48 0.25 0.33 0.47 0.04 0.28 0.43 2
0.68 0.97 0.81 0.3 0.37 0.69 0.33 0.1 0.12 0.34 0.2 0.59 0.48 2
0.13 0.6 0.78 0.76 0.64 0.98 0.8 0.43 1 0.81 0.47 0.88 0.98 1
0.31 0.73 0.65 0.42 0.84 0.82 0.75 0.3 0.47 0.66 0.32 0.18 0.63 2
0.06 0.91 0.74 0.51 0.85 0.35 0.53 0.56 0.02 0.48 0.32 0.26 0.33 1
0.12 0.37 0.77 0.65 0.76 0.55 0.94 0.83 0.96 0.67 0.37 0.53 0.86 1
0.09 0.68 0.75 0.81 0.56 0.53 0.54 0.7 0.27 0.51 0.3 0.18 0.57 1
0.15 0.8 0.77 0.51 0.83 0.63 0.66 0.13 0.62 0.76 0.28 0.57 0.6 1
0.29 0.85 0.66 0.69 0.78 0.66 0.59 0.51 0.37 0.56 0.2 0.36 0.53 1
0.11 0.8 0.76 0.72 0.88 0.6 0.65 0.83 0.52 0.7 0.41 0.22 0 1
0.12 0.79 0.64 0.4 0.54 0.28 0.55 0.84 0.43 0.47 0.56 0.18 0.37 1
0.77 0.94 0.58 0.41 0.6 0.25 0.42 0.38 0.28 0.41 0.35 0.36 0.44 2
0.11 0.88 0.82 0.53 0.84 0.46 0.58 0.81 0.37 0.63 0.64 0.28 0.48 1
0.03 0.76 0.8 0.58 0.92 0.56 0.86 0.79 0.39 0.7 0.42 0.45 0.46 1
0.14 0.78 0.77 0.55 0.79 0.54 0.57 0.36 0.85 0.95 0.35 0.25 0.82 1
0.19 0.87 0.7 0.56 0.7 0.57 0.55 0.43 0.36 0.55 0.37 0.58 0.49 1
0.16 0.87 0.74 0.7 0.76 0.48 0.65 0.93 0.55 0.64 0.96 0.24 0.46 1
0.57 0.84 0.69 0.4 0.58 0.55 0.68 0.54 0.16 0.57 0.3 0.19 0.53 2
0.64 0.96 0.66 0.24 0.79 0.48 0.5 0.46 0.18 0.38 0.55 0.16 0.33 2
0.17 0.85 0.8 0.43 0.65 0.67 0.6 0.6 0.61 0.74 0.42 0.44 0.47 1
0.17 0.83 0.72 0.6 0.76 0.64 0.61 0.47 0.47 0.68 0.74 0.08 0.63 1
0.09 0.78 0.75 0.7 0.6 0.69 0.72 0.67 0.65 0.77 0.35 0.12 0.69 1
0.53 0.9 0.76 0.36 0.44 0.56 0.38 0.42 0.53 0.62 0.44 0.37 0.55 2
0.17 0.83 0.69 0.55 0.78 0.52 0.74 0.32 0.49 0.85 0.29 0.24 0.79 1
0.14 0.86 0.81 0.26 0.81 0.55 0.64 0.73 0.59 0.6 0.62 0.52 0.43 1
0.15 0.72 0.67 0.55 0.57 0.56 0.66 0.54 0.42 0.41 0.46 0.27 0.6 1
0.08 0.74 0.77 0.63 0.76 0.4 0.84 0.86 0.58 0.96 0.86 0.41 0.67 1
0.34 0.9 0.82 0.43 0.63 0.45 0.33 0.4 0.32 0.47 0.25 0.11 0.41 2
0.19 0.91 0.76 0.58 0.95 0.43 0.67 0.91 0.14 0.8 0.71 0.07 0.54 1
0.38 0.74 0.81 0.54 0.59 0.88 0.68 0.76 0.4 0.58 0.7 0.55 0.64 2
0.17 0.73 0.77 0.74 0.62 0.58 0.73 0.8 0.55 0.58 0.92 0.35 0.43 1
0.6 0.94 0.71 0.43 0.39 0.5 0.31 0.12 0.27 0.27 0.44 0.1 0.46 2
0.83 0.94 0.78 0.61 0.6 0.64 0.64 0.68 0.48 0.66 0.33 0.2 0.49 2
0.12 0.78 0.84 0.49 0.87 0.74 0.66 0.95 0.41 0.87 0.81 0.51 0.39 1
0.11 0.85 0.81 0.39 0.78 0.61 0.5 0.54 0.3 0.52 0.25 0.35 0.36 1
0.11 0.85 0.66 0.41 0.71 0.48 0.75 0.8 0.52 0.59 0.79 0.44 0.45 1
0.08 0.7 0.7 0.81 0.86 0.66 0.8 0.68 0.51 0.72 0.38 0.34 0.49 1
0.19 0.79 0.83 0.43 0.83 0.58 0.78 0.81 0.46 0.5 0.66 0.44 0.27 1
0.19 0.8 0.67 0.46 0.64 0.68 0.49 0.61 0.73 0.71 0.32 0.38 0.51 1
0.1 0.88 0.68 0.51 0.88 0.45 0.68 0.88 0.42 0.75 0.85 0.46 0.58 1
0.17 0.78 0.77 0.65 0.73 0.82 0.6 0.32 0.83 0.7 0.39 0.76 1 1
0.25 0.83 0.75 0.34 0.79 0.71 0.49 0.48 0.08 0.51 0.23 0.34 0.47 1
0.12 0.89 0.7 0.36 0.78 0.5 0.43 0.57 0.47 0.39 0.58 0.23 0.56 1
0.21 0.77 0.75 0.75 0.72 0.72 0.56 0.6 0.51 0.35 0.2 0.11 0.47 1
0.13 0.87 0.86 0.58 0.79 0.7 0.79 0.58 0.66 0.67 0.33 0.14 0.48 2
0.15 0.99 0.71 0.24 0.57 0.46 0.6 0.71 0.65 0.74 0.6 0.47 0.38 1
0.49 0.81 0.76 0.26 0.68 0.7 0.53 0.27 0.4 0.67 0.22 0.59 0.52 2
0.69 0.96 0.85 0.16 0.8 0.49 0.65 0.49 0.37 0.73 0.39 0.52 0.45 2
0.69 0.73 0.9 0.39 0.7 0.82 0.72 0.31 0.66 0.42 0.17 0.15 0.58 2
0.09 0.77 0.76 0.51 0.87 0.61 0.54 0.9 0.37 0.81 0.57 0.59 0.54 1
0.15 0.88 0.67 0.29 0.71 0.51 0.52 0.05 0.2 0.43 0.26 0.47 0.45 1
0.17 0.79 0.61 0.51 0.74 0.79 0.6 0.93 0.54 0.82 0.44 0.32 0.4 1
0.42 0.9 0.78 0.44 0.75 0.27 0.59 0.51 0.36 0.63 0.34 0.19 0.42 2
0.54 0.87 0.83 0.14 0.58 0.58 0.54 0.56 0.26 0.39 0.36 0.17 0.38 2
0.12 0.81 0.7 0.47 0.64 0.47 0.63 0.87 0.41 0.74 0.29 0.31 0.48 1
0.18 0.69 0.73 0.41 1 0.77 0.9 0.61 0.75 0.67 0.29 0.34 0.45 1
0.19 0.76 0.85 0.49 0.86 0.48 0.77 1 0.53 0.66 0.92 0.65 0.56 1
0.12 0.68 0.82 0.41 0.71 0.54 0.7 0.71 0.65 0.79 0.88 0.4 0.59 1
0.08 0.9 0.81 0.25 0.54 0.56 0.61 0.57 0.59 0.73 0.36 0.35 0.38 1
0.26 0.79 0.77 0.51 0.85 0.52 0.76 0.81 0.48 0.9 0.4 0.24 0.65 2
0.15 0.73 0.71 0.57 0.88 0.66 0.89 0.76 0.63 0.78 0.7 0.66 0.83 1
0.24 0.79 0.78 0.78 0.66 0.68 0.76 0.73 0.46 0.89 0.49 0.09 0.7 1
0.47 0.82 0.71 0.47 0.61 0.25 0.62 0.73 0.12 0.63 0.41 0.27 0.68 2
0.7 0.65 0.89 0.02 0.71 0.67 0.48 0.23 0.3 0.57 0.31 0.4 0.33 2
0.46 0.73 0.6 0.27 0.78 0.46 0.23 0.21 0.24 0.25 0.17 0.24 0.45 2
0.04 0.79 0.69 1 0.73 0.61 0.65 0.72 0.55 0.59 0.2 0.51 0.49 1
0.15 0.79 0.66 0.41 0.8 0.56 0.59 0.75 0.59 0.63 0.39 0.38 0.51 1
0 0.86 0.74 0.43 0.69 0.4 0.77 0.83 0.72 0.75 0.37 0.09 0.36 1
0.14 0.85 0.68 0.53 0.74 0.72 0.54 0.29 0.63 0.7 0.24 0.2 0.41 1
0.17 0.83 0.79 0.74 0.97 0.46 0.66 0.74 0.49 0.98 0.53 0.47 0.44 1
0.22 0.72 0.74 0.47 0.93 0.68 0.91 0.9 0.55 0.84 1 0.6 0.75 1
0.74 0.94 0.73 0.27 0.41 0.31 0.65 0.35 0.45 0.89 0.42 0.17 0.5 2
0.14 0.67 0.83 0.63 0.87 0.54 0.89 0.81 0.51 0.7 0.46 0.34 0.56 1
0.44 0.02 0.32 0.44 0.41 0.42 0.65 0.46 0.39 0.79 0.45 0.44 0.77 2
0.11 0.89 0.74 0.32 0.62 0.61 0.57 0.65 0.12 0.65 0.14 0.43 0.5 1
0.12 0.78 0.79 0.61 0.7 0.78 0.65 0.54 0.54 0.88 0.28 0.66 0.57 1
0.23 0.82 0.73 0.5 0.78 0.86 0.59 0.57 0.33 0.61 0.32 0 0.56 1
0.17 0.74 0.78 0.44 0.68 0.55 0.78 0.78 0.52 0.55 0.82 0.48 0.46 1
0.37 0.91 0.6 0.39 0.69 0.56 0.23 0.23 0.22 0.44 0.28 0.14 0.31 2
0.18 0.28 0.83 1 0.96 0.47 0.74 0.94 0.9 0.99 0.71 0.65 0.68 1
